0|41
507696  90
137915  90
22757  90
120328  90
123025  90
131263  90
147073  80
175835  90
180037  90
192496  90
194044  90
205234  90
207030  90
208031  90
277277  90
295315  90
325346  90
392726  90
459622  90
461814  90
497792  90
507010  90
531386  80
578821  90
600770  80
608376  90
113323  50
127640  50
592747  70
26137  70
94522  0
193714  30
452599  50
522229  0
9101  90
112040  90
450906  90
453488  90
464229  90
393064  90
438303  0
1|229
1996  90
2255  90
10843  90
18260  90
18519  90
19106  90
21931  90
22757  90
23521  90
25311  90
34525  90
34947  90
39975  90
40476  90
41693  90
46539  90
46759  90
47888  90
55629  90
55971  90
56437  90
56970  90
67136  90
70896  90
71149  90
74262  90
75445  90
75757  90
79902  90
85222  90
95689  90
97762  90
102328  90
105502  90
111411  90
112273  90
112642  90
113017  90
119154  90
120328  90
121743  90
123025  90
123260  90
123601  80
124428  90
129462  90
131263  90
131721  90
134437  90
136867  90
137915  90
140118  90
142979  90
146781  90
147073  80
153097  90
153809  90
156663  90
158948  90
161901  90
173094  90
173301  90
175835  90
176588  90
179785  90
180037  90
180171  90
181079  90
182140  90
185095  90
185665  90
186098  90
188078  90
189820  90
190019  90
191809  90
192496  90
194044  90
195167  90
196203  90
196852  90
197656  90
199439  90
199467  90
200053  90
205234  90
205871  90
207030  90
210226  90
213829  90
219179  90
219322  90
222533  90
224051  90
225587  90
227064  90
230673  90
234212  90
235250  90
235966  90
237610  90
238223  90
248089  90
248550  90
248699  90
249902  90
254519  90
255153  90
257310  90
259552  90
261386  90
263294  90
269414  90
270248  90
275261  90
280245  90
283541  90
288237  90
288340  90
288560  90
294427  90
295315  90
297989  90
304287  90
310379  90
318345  90
318901  90
322770  90
323933  90
324045  90
325346  90
325936  90
327881  90
344617  90
349250  90
349771  90
354153  90
359811  90
361313  90
363219  90
366723  90
371598  90
375693  90
381411  90
383195  90
387522  90
390355  90
392726  90
393059  80
397543  90
397620  90
398037  90
402723  90
408557  90
410606  90
417011  90
418175  90
423102  90
425182  90
428598  90
431048  90
436056  90
440749  90
440901  90
442074  90
445735  90
451800  90
453396  90
454149  90
454436  90
457354  90
457583  90
459622  90
460065  90
463859  90
466895  90
470248  90
477870  90
481274  90
482069  90
488803  90
489371  90
490684  90
490754  90
491417  90
491757  90
492607  90
493655  90
497792  90
502177  90
503258  90
504528  90
507010  90
507696  90
514730  90
516754  90
517718  90
521369  90
528144  90
532453  90
532569  90
534596  90
539126  90
540934  90
541988  90
543790  90
546722  90
546992  90
548098  90
550452  90
553890  90
556366  90
556458  90
558154  90
566644  90
567378  90
567726  90
568182  90
569179  90
569785  90
574204  90
577309  90
578821  90
580720  90
583090  90
583222  90
587636  90
591590  90
601402  90
2|101
238557  90
115200  100
176889  100
329058  100
456895  100
475878  100
5237  100
12332  100
29323  100
57791  100
99935  100
258003  100
377333  100
510603  100
533639  100
188675  100
268555  100
488564  100
48916  100
180618  100
316815  100
333784  100
507377  100
532650  100
27499  100
43628  100
78477  100
92450  100
182489  100
242450  100
296155  100
364374  100
387982  100
428863  100
16249  100
66765  100
210761  100
217921  100
319866  100
342087  100
402792  100
525951  100
528002  100
557544  100
602243  100
367509  100
17863  0
21683  0
57422  0
61148  0
85012  100
92066  0
103338  0
119752  0
120443  0
121082  100
142902  0
145897  0
155330  0
155522  0
187943  100
211566  0
224595  0
235514  0
246957  0
247563  0
257158  0
303423  0
315452  0
344158  100
349451  0
378073  0
406012  0
419241  0
419748  100
445463  0
484497  0
509188  0
517337  100
523223  0
525493  0
528166  0
538823  0
556298  0
563692  0
599530  0
600770  0
4283  0
13896  0
106447  0
144592  0
181286  0
181585  0
190762  0
283332  0
320706  0
336502  0
370371  0
382315  0
386887  0
427139  0
3|14
5980  90
11059  90
21931  90
74262  90
146781  90
173094  90
175835  90
180037  90
194044  90
267723  90
290303  90
366723  90
432968  90
451800  90
4|580
23521  90
40476  90
46539  90
117158  90
182140  90
263935  90
270248  90
320337  90
593900  90
617405  90
617646  90
355155  90
534541  70
48098  70
159191  50
283576  70
87553  70
56437  0
392167  90
604863  50
114215  70
411217  50
353598  50
182507  90
233263  70
280263  90
409071  70
457583  90
517860  70
582836  90
97316  90
618051  50
139200  90
284575  50
588686  50
294427  70
400058  50
296429  90
353897  90
258945  70
486413  90
526178  50
534119  90
567378  90
425866  70
484153  90
452968  90
572660  90
541988  70
277323  70
486761  90
2414  90
40539  90
606576  90
406596  90
311856  70
269642  90
126974  90
321362  90
510233  90
473071  90
24214  30
5073  50
299835  70
606671  70
239721  70
279399  70
304395  70
434567  70
277744  90
434897  90
44399  90
179785  70
459622  0
513413  0
311587  70
621208  90
294536  70
127468  80
327995  60
185593  70
520195  90
565069  70
304959  70
354193  80
490327  80
289148  80
164989  90
296928  80
115492  70
498231  80
550438  80
12311  70
336296  80
160143  80
412390  80
107900  10
282398  70
219179  0
83676  10
386593  80
600261  80
578559  80
67176  70
257962  70
54506  70
204005  80
427973  70
487577  80
60120  80
21788  70
445582  80
464977  80
624626  80
357972  30
433610  10
213829  60
585561  20
291817  0
280533  0
498672  60
60117  10
443881  0
9982  80
74262  70
478832  10
1916  70
594702  90
253686  90
65155  80
550615  80
262824  90
173926  80
469906  90
55629  20
161279  40
197126  80
94745  90
324656  20
252174  30
226511  80
404871  70
142756  0
149603  10
422865  80
162325  80
428105  70
523835  60
531379  90
76266  80
276035  70
411099  80
574204  90
407244  60
241657  0
62890  80
365950  90
231645  80
34525  60
366520  0
579518  0
358465  0
114139  90
492603  50
410356  80
436056  80
395438  0
478952  80
1547  90
461012  90
548317  90
615774  80
315075  60
407777  0
215845  80
96319  0
416664  0
496940  0
532569  30
46682  70
346454  70
497786  80
583090  80
46801  80
438293  50
529650  60
434455  60
50536  70
25311  70
306084  0
530325  0
1785  60
140811  60
169708  10
433933  0
283541  60
24474  50
324045  65
458719  70
343333  60
141286  90
210226  60
548055  10
462759  70
248550  70
243145  80
214626  90
596241  0
18519  60
280997  0
522336  80
350024  0
250270  10
148987  60
186901  60
382094  70
494057  80
354153  60
414408  70
192632  60
227064  60
580963  70
201378  30
41112  60
532490  70
88523  80
281829  80
115180  80
242287  70
397543  40
363510  60
612520  60
8103  20
478346  0
397620  70
281127  60
267846  10
112993  0
249526  70
569447  60
41693  60
44035  70
592326  0
71255  60
85795  70
287649  70
491489  90
111411  60
166998  80
97855  60
275044  60
180768  60
563449  60
520313  0
359636  70
158437  60
220442  80
86177  80
174837  60
567655  70
127505  80
230865  60
273062  70
310752  70
532477  70
536930  60
566294  10
307244  10
303067  10
95938  60
369348  70
161704  70
168480  70
531983  90
424363  90
521818  90
529022  90
194118  90
350507  70
308414  60
493655  60
149241  90
253829  70
600723  90
239592  90
613582  80
341539  70
602876  80
624282  80
294951  70
505508  90
442284  0
313340  60
556350  0
576640  60
569772  60
617397  60
490404  60
273828  0
456935  70
553664  60
165104  70
614811  70
553257  60
485372  60
522813  60
182084  60
256148  60
341372  70
365283  60
178047  80
432452  60
191936  60
312845  50
320895  50
442658  0
384221  10
475701  60
369282  60
352015  80
541819  90
10669  60
144114  100
280165  90
455827  60
19503  60
53898  70
549358  70
374484  50
206576  60
206975  70
288047  70
616136  50
196323  60
111214  90
583845  0
33455  70
100118  80
170988  60
22492  70
413919  70
206744  60
469501  60
101687  50
136075  60
73161  70
91904  60
484334  80
179392  60
470675  70
228988  50
141590  60
577180  70
48668  60
173954  0
284221  70
289519  90
177475  50
316218  70
56438  60
158666  60
541173  60
132081  90
21063  0
32953  80
290893  60
364441  60
135864  70
256420  50
322134  70
424295  60
98718  70
28696  60
250111  60
373124  70
414557  70
282465  70
177936  100
58857  70
136867  10
303578  50
71713  50
128261  50
261661  60
392569  60
602877  60
608647  60
614131  90
403499  80
551307  70
150752  70
121870  50
11263  70
220090  60
82251  0
211658  0
491985  70
64130  60
245449  90
222784  70
170071  80
179672  60
201649  70
306720  70
344617  70
511755  0
523255  80
539126  70
620594  70
195833  60
206721  60
517703  90
28482  0
59539  70
133677  0
209121  0
248038  0
333773  70
361474  0
402475  0
436595  0
442960  0
502414  80
561982  0
599652  0
623749  0
40593  90
189952  90
274787  70
287072  0
292961  0
439902  0
592141  90
133867  70
404659  70
617715  70
581975  0
566154  60
164263  60
569386  60
539938  50
356485  100
541394  70
97426  80
126713  70
124928  90
548750  100
609551  70
433883  70
59337  70
25404  100
586623  0
624017  0
242513  90
473428  100
447406  90
229314  70
306057  70
351075  80
591609  80
558154  40
569497  70
414265  80
396048  80
503258  0
435892  80
126175  90
7623  70
53156  70
565755  90
622665  90
483649  10
29391  70
365977  40
83208  80
149616  60
611138  70
287226  50
551350  70
36798  100
288744  60
339962  80
437608  30
529175  80
544999  60
71477  30
520702  60
85425  10
137571  70
17571  50
360153  70
210114  70
302349  90
21244  80
523236  70
492284  60
571214  70
544071  70
58190  100
532117  60
608000  70
301941  70
513454  60
533654  90
227333  70
121914  90
49226  80
386964  70
135908  80
124511  0
467178  10
521255  70
64154  60
415358  70
488440  50
159688  10
225168  50
838  60
617683  90
562248  70
140753  10
505275  70
538851  70
28621  10
353629  60
140501  70
340949  60
296497  50
355727  50
603153  90
586428  70
371598  50
61568  70
402563  60
427765  80
215524  80
407212  90
410183  50
523227  70
347410  40
119327  70
408629  100
229311  80
296188  60
533829  80
502352  90
586109  70
452300  70
387396  90
18641  80
353376  70
382070  90
612797  80
296938  60
427410  80
586837  90
491124  80
317875  70
374802  80
534444  80
339526  90
369623  80
135170  80
286002  80
606573  90
597811  90
368797  80
146909  80
379038  90
375832  80
544464  70
146397  90
204362  70
483540  60
486392  30
332630  60
455400  70
18361  10
19805  70
389944  80
5|306
490754  50
97205  50
121743  90
146781  90
194044  90
277277  90
295315  90
325346  90
410606  90
459622  90
470288  90
489371  90
531386  80
591590  90
600770  80
16937  50
52423  70
198529  50
204229  30
215631  50
398344  30
435158  30
516575  50
617797  30
9101  0
64205  0
100311  50
131244  0
157891  50
159973  0
161920  0
174851  50
208031  70
288556  0
337642  0
347719  50
395895  0
423722  0
453488  0
464229  0
531310  0
30016  50
66264  50
123679  30
171626  70
181706  0
192496  30
195959  0
245083  90
262381  90
269261  70
270234  50
327425  70
357731  90
360270  0
419113  50
430552  30
548498  30
613227  70
23574  30
52616  30
294427  0
312049  30
618263  0
624244  0
14354  0
22186  50
39084  30
103705  50
120761  50
134930  30
158506  0
250228  50
283607  0
336553  30
381916  30
485869  0
519730  50
520788  0
536256  0
550295  50
553140  50
572215  50
58718  70
163101  0
232026  0
233157  0
287510  70
569455  70
22021  0
123025  70
175066  0
194061  90
254300  90
391383  30
420409  90
500292  50
541988  30
151124  0
548168  0
149409  50
354352  50
392405  0
520990  70
4499  30
199000  30
286659  0
384981  30
449877  30
498308  30
44267  0
72776  0
115038  30
124270  30
175153  30
237825  0
298318  0
318325  0
327530  0
351786  30
402453  0
418635  30
419638  0
443251  30
467797  30
483166  30
513340  0
559512  30
40458  90
44650  90
46160  30
26333  50
212016  50
309245  50
226515  30
517526  30
139648  50
173455  50
190141  50
287777  30
335691  30
337187  0
377794  30
423207  30
432633  0
612127  30
40662  0
60574  0
71893  0
128050  30
163798  0
248550  0
250154  30
304969  30
313662  30
423861  30
535531  30
548476  0
556174  0
584415  30
252356  0
275261  30
503513  0
12563  70
22757  50
160067  30
382109  70
604390  70
621872  0
112035  0
141598  0
153574  0
159688  30
189820  0
220442  0
235737  0
239762  0
256288  0
314699  0
319540  0
324988  0
335554  0
382966  0
433031  0
452966  0
464967  0
496973  0
556567  0
581781  0
22945  50
23336  70
101093  50
114602  30
131837  70
205077  0
387423  0
393040  50
432746  50
513856  30
537024  0
551711  70
44623  30
347705  30
26137  90
85195  0
92348  30
93023  0
123065  0
141568  30
180037  90
287043  0
329185  50
344409  30
386855  0
403073  0
436810  0
461814  30
507010  70
583915  0
589071  0
621238  30
14567  0
96223  0
104895  0
111130  0
121035  0
130183  0
136228  0
155856  0
175835  30
207892  0
231593  30
318605  0
357396  0
377457  0
444400  0
473760  0
483389  0
483911  0
512429  30
530327  0
549484  30
557004  0
567212  0
614022  0
30192  50
45715  30
167290  30
250153  30
388857  50
400337  90
263152  0
446130  0
458589  0
120853  30
133443  30
265221  30
273475  70
298448  0
333689  30
364784  70
371644  30
392726  70
461309  30
468031  0
503005  30
507696  70
550445  70
561476  0
6984  0
56247  70
82868  0
162422  50
188235  30
220717  0
225285  0
261589  0
265374  0
323356  70
338568  30
371505  0
394357  50
447660  70
479952  0
509945  90
537982  0
6539  50
100922  90
174088  0
192876  90
353773  0
425180  90
490104  50
531605  50
571176  0
131263  30
140957  50
194079  30
205234  50
269566  50
336824  30
339544  30
448639  30
571306  30
83332  50
172274  70
6|110
4653  90
11059  90
56437  90
56970  90
79902  90
85012  80
119236  90
124428  90
140118  90
144334  90
147073  80
186098  90
253653  90
259552  90
259925  90
263294  90
263966  90
268141  90
275261  90
294427  90
365323  90
393059  80
416992  90
425182  90
427620  90
432968  90
441763  90
459622  90
466895  90
513664  80
523223  80
531386  80
537293  90
571871  80
592747  90
55165  90
187010  90
424563  90
335339  50
341583  50
582484  70
98756  90
349805  90
515550  70
180519  90
244770  70
334788  30
417411  90
611203  50
184600  50
185003  30
609513  50
167474  90
242138  50
622325  90
219817  0
441151  0
517718  0
106015  0
262210  0
594376  0
346457  50
494084  70
536589  90
142902  0
155522  0
211566  0
216505  0
257158  0
349388  0
602548  0
181178  0
278425  0
536164  0
86885  0
388431  0
409951  0
185275  90
428095  90
454589  90
401755  90
473108  50
504253  70
405992  90
481501  90
608376  90
34975  50
262788  70
395349  90
385688  0
418175  0
442545  0
499509  0
522621  0
601402  0
61459  0
90298  0
229168  0
218507  0
282801  0
349250  0
1789  30
124281  0
208048  0
359440  50
492626  0
541471  50
142979  70
305770  90
472027  90
7|25
147073  80
173301  90
182140  90
199439  90
219322  90
225587  90
248699  90
393059  80
436056  90
543790  90
558154  90
601402  90
607946  90
219179  70
264275  0
589869  70
87245  0
116640  50
124325  0
235966  50
282225  70
422900  50
461379  90
574204  70
22757  70
8|27
250270  100
86364  100
97517  100
167021  100
170036  100
174825  100
266875  100
345285  100
368912  100
409366  100
535864  100
603112  100
603439  100
22757  90
56437  90
182140  90
189820  90
195167  90
210226  90
240422  90
248089  90
267846  90
270248  90
344617  90
423102  90
423702  90
436056  90
9|42
17863  80
36870  80
55629  90
56437  90
67176  90
85012  80
111280  80
120443  80
121082  80
123601  80
142979  90
144592  80
145897  80
147073  80
148116  90
169708  90
187943  80
196852  90
213829  90
230673  90
234288  80
246957  80
263966  90
265758  90
267723  90
275261  90
283332  80
283541  90
297989  90
303423  80
344158  80
350511  90
370371  80
382315  80
385552  90
410641  90
419748  80
436056  90
448162  90
467178  90
489154  90
493655  90
10|17
10843  90
17863  80
78755  90
154265  80
169708  90
180171  90
196852  90
200671  90
211628  80
216505  80
234288  80
248008  80
289037  80
310379  90
310434  80
316249  80
349388  80
11|15
248728  90
477555  50
411221  50
175835  70
200504  50
336337  50
503258  50
55195  50
254045  0
306988  50
36145  50
184361  50
195609  30
292946  70
253364  50
12|35
537293  90
591015  90
196673  90
135756  90
65355  90
81997  90
215827  90
250289  90
296753  90
343598  90
449488  90
520167  90
554494  90
572984  50
579893  90
428105  90
615262  90
289772  90
44153  90
57597  90
120819  90
167541  90
441279  90
461492  90
483056  90
510178  90
512326  90
573659  90
578131  90
585027  90
144639  90
11423  90
228988  90
307197  90
527631  90
13|38
10843  90
25311  90
34525  90
34947  90
55629  90
71149  90
75757  90
112273  90
113017  90
124428  90
141286  90
180171  90
185665  90
191809  90
196852  90
199467  90
213829  90
227064  90
235966  90
288560  90
304287  90
310379  90
322770  90
324045  90
327881  90
344617  90
354153  90
361313  90
363219  90
371598  90
397620  90
402723  90
422504  90
453396  90
477870  90
490684  90
491757  90
493655  90
14|417
297989  90
341571  90
568420  90
167701  90
264049  90
317249  90
28864  90
280716  90
47819  0
314176  0
365323  0
46475  0
94554  0
219484  0
369588  90
416860  90
68369  0
110514  90
185702  0
444730  0
559454  90
592074  90
11517  50
56970  0
94257  0
279781  0
295914  50
510009  30
30819  0
61358  0
86231  0
90467  0
103705  0
134821  30
290426  0
334887  0
425019  50
491690  0
540502  30
582386  0
251526  0
271023  50
320982  0
325124  0
403184  30
418175  0
443909  30
447793  0
481500  0
519767  0
526883  0
31935  30
179035  0
196323  50
212860  0
232288  0
257218  50
329590  0
398727  0
404718  0
465668  0
601527  30
179911  0
215236  0
240551  0
285139  0
300102  0
616058  0
598132  90
570228  90
122228  0
243040  0
252797  0
358958  0
377758  0
395494  0
451800  0
472648  0
557331  0
570127  0
585578  0
1383  0
66819  90
213944  0
217838  0
301028  0
306289  0
348069  0
524523  0
545967  0
602071  0
188266  0
312275  0
489154  0
15710  0
30075  0
158858  0
124281  0
326412  0
358034  0
376744  0
405088  0
465532  0
486153  0
497172  0
563840  0
3669  0
60873  0
114158  0
221081  0
348607  0
488896  0
146940  0
185400  0
269835  0
275594  0
295374  0
554672  0
606488  0
610727  0
230010  30
259925  30
267723  50
304287  0
4653  0
24557  50
56437  30
119236  50
144650  0
346457  50
459622  30
541988  0
592747  50
622325  50
55165  30
177178  30
212826  90
228526  50
297391  50
383205  50
411962  30
461184  50
185275  50
219910  0
309689  30
358513  0
529533  0
58804  30
92308  0
113634  0
201053  0
254825  0
294708  0
386012  50
512059  0
572051  0
604120  30
20910  0
105069  0
149616  0
205234  0
329155  0
383970  0
391444  0
441513  0
465698  0
483899  0
555246  0
569850  0
68357  0
194044  30
208538  0
230259  30
374513  90
624415  0
181174  30
562924  30
5237  90
148014  90
810  0
530521  0
599140  0
607457  50
178675  30
147073  90
393059  90
600770  90
12108  30
313893  50
556804  0
565135  0
574543  0
588392  30
55629  0
72341  0
169715  0
510281  0
555348  0
185685  90
522914  0
111929  0
406105  0
14354  0
122373  0
175631  0
126535  0
266184  0
292931  0
408398  0
575052  0
593357  0
124363  0
203406  0
253301  0
335522  0
353696  0
443039  0
448452  0
532569  50
591828  0
268443  0
412897  90
428189  0
476279  0
86576  30
184600  30
449947  30
81073  30
99863  0
125601  0
301333  0
392715  0
453368  0
492613  30
569179  50
605435  0
343835  70
391260  50
60422  30
63667  0
197833  30
333600  0
348817  30
401367  50
402011  50
436056  50
499163  0
12329  50
61698  70
64701  50
65205  70
117865  50
165763  70
338304  50
460462  0
257896  0
399219  0
454589  70
532997  70
546901  0
2901  70
201283  0
225587  70
423524  50
102491  70
102705  0
133867  0
152558  70
160657  0
208436  0
269375  0
362788  0
416278  0
508431  0
551361  70
621498  0
156294  0
168476  0
187556  0
130314  70
190388  0
253320  70
307422  0
356010  70
572502  0
10768  0
131102  0
140535  0
321161  0
416327  0
569074  0
424563  70
561688  70
488032  0
541158  0
583942  0
72939  0
162722  0
178471  50
183002  0
388060  0
545685  0
577309  0
20432  0
94234  0
126792  0
207918  0
293781  0
317875  0
325565  50
336028  0
425025  30
472247  50
492603  0
562125  0
25089  0
48173  0
61676  0
68431  0
199467  0
321250  0
327995  0
396346  0
416992  0
500561  0
515535  0
605987  0
32198  0
37809  0
62829  0
219548  0
259174  0
267614  0
337726  0
346801  0
409666  0
454167  0
524352  0
543303  0
24474  0
73023  0
161752  0
168626  0
239159  0
333777  0
366723  0
420355  0
430632  0
478827  0
489709  0
534682  0
554278  0
580064  0
614276  0
85012  0
142902  0
155522  0
211566  0
216505  0
257158  0
315452  0
349388  0
358667  30
380493  0
382098  50
386887  0
419241  0
475026  0
513664  0
517419  50
523223  0
531386  0
556366  0
571871  0
599530  0
602548  0
48245  0
253130  0
364289  0
459939  50
517970  0
553364  30
583090  0
608376  50
623302  0
23809  0
60709  0
89321  0
94537  0
96066  0
137879  0
202178  0
213829  0
276035  0
309883  0
331933  0
443102  0
467506  0
513660  0
551652  0
153023  0
188094  0
215856  30
233770  0
248202  0
263017  0
275261  0
326927  0
374309  0
598586  0
121964  0
164867  30
402364  0
490122  0
5540  0
159688  0
232885  0
15|141
207030  90
247563  80
349451  80
378073  80
392512  90
538823  80
568182  90
569850  90
600770  80
56198  90
499580  90
9101  90
282555  50
316142  30
427277  30
390355  90
436069  90
200715  90
189644  90
115101  30
239126  50
537420  70
580346  90
131263  90
300686  70
507458  90
287777  90
334161  90
335691  90
397480  90
140534  90
519102  90
96248  0
113299  0
31260  90
131567  0
189820  90
471192  90
548498  0
191674  70
250060  90
497792  90
558989  0
186088  90
517526  90
139648  0
173455  0
175835  0
190141  0
205234  90
224226  90
226122  0
576009  50
684  0
231593  0
512429  50
549484  50
235250  90
566020  90
604003  30
3610  70
291523  30
378655  70
120758  0
197335  0
470288  70
130520  90
249504  90
385495  90
403644  90
521058  0
6608  0
264677  0
281750  0
452526  0
452599  90
147809  70
167713  0
350132  0
522229  30
562028  0
586616  90
588678  0
600472  70
582071  0
16937  0
181458  0
304583  90
339929  90
533223  90
348642  0
199317  90
213893  90
335829  0
599413  90
508390  30
337486  90
531619  90
380164  0
44267  0
63146  90
135075  0
276316  90
298318  0
392726  90
442631  90
513340  0
51407  30
81569  30
180771  30
42710  90
123345  30
214206  0
272524  0
296157  0
339862  0
475531  0
614426  0
90700  90
377408  0
136377  0
441312  0
474893  0
109715  90
410334  90
551567  0
116823  90
132595  0
188235  0
241207  0
269273  0
613227  90
274248  70
432948  70
458060  0
70267  0
398139  0
591753  0
21608  0
554099  0
600969  0
16|52
392726  90
434455  90
306988  90
622325  50
195167  90
222533  90
454436  90
440749  90
346457  90
556458  90
558154  90
173301  90
478414  90
612481  90
22757  50
137050  90
375693  90
80091  90
489154  90
608376  90
509945  90
175835  90
49669  90
275261  90
607946  90
219179  50
592747  90
208031  50
554099  90
523672  90
528144  90
624662  90
385552  90
507010  90
572680  90
120328  90
325936  90
85222  90
217506  90
75906  70
507237  50
55345  50
219277  90
295824  90
575923  90
589869  90
601402  90
490754  90
224051  90
107190  90
428598  50
401347  70
17|42
17863  80
18519  90
34525  90
40476  90
46539  90
123025  90
134930  90
136867  90
140753  90
159871  90
175835  90
189820  90
190019  90
192496  90
205871  90
210226  90
213829  90
217506  90
224051  90
248550  90
257158  80
257310  90
261386  90
324045  90
325346  90
354153  90
371598  90
382448  90
392167  90
392726  90
393059  80
397543  90
397620  90
403340  90
405897  90
410606  90
428598  90
436056  90
440749  90
477870  90
498795  90
540934  90
18|88
17863  80
85222  90
88858  80
153097  90
173301  90
175835  90
259552  90
261386  90
263294  90
307036  90
385552  90
417011  90
428598  90
436056  90
451800  90
454436  90
460065  90
490754  90
503258  90
543790  90
558154  90
192496  70
540934  50
607946  50
216505  0
257158  50
513664  0
600770  90
85012  30
142902  0
147073  70
155522  30
211566  0
315452  0
349388  0
386887  0
393059  90
419241  70
475026  70
523223  0
531386  0
599530  0
602548  0
25311  70
156663  30
179785  30
194044  0
196203  0
207030  50
222533  30
248550  0
270248  0
325936  70
375693  50
440749  50
608376  50
609785  90
617646  70
622325  90
146781  0
7179  0
414348  75
189577  90
497225  70
240879  70
248495  70
342607  0
338448  70
292737  90
528144  70
160690  0
209886  70
244103  50
182140  90
414832  50
302202  50
427153  30
83877  70
109227  70
557332  70
444718  0
276527  90
596939  70
145610  90
98085  90
323933  70
296700  50
270035  70
19|19
242331  70
249395  90
2255  90
17863  80
19106  90
56970  90
119154  90
194044  90
225587  90
257158  80
259552  90
275261  90
324045  90
349250  90
349388  80
361313  90
382448  90
466895  90
493655  90
20|13
9101  90
56437  90
74968  90
163101  90
175835  90
180037  90
189820  90
192496  90
212016  90
247563  80
349451  80
357972  90
378073  80
21|122
618845  90
189820  90
374309  90
406596  90
582591  80
297857  90
471460  90
152237  30
419365  90
498871  30
544994  30
622250  90
25311  90
109546  50
123025  50
126876  90
481554  70
572144  90
131263  90
159688  90
504185  90
405334  90
417830  90
531860  90
57141  90
548661  90
594115  90
392167  90
491236  90
588393  90
228037  90
159592  70
185112  90
270248  90
350004  90
532703  70
538401  90
476626  90
538223  90
61967  90
596241  70
43570  90
146781  90
234801  90
57700  90
61720  90
371762  90
127196  90
218350  90
325346  90
488988  90
528547  90
543844  90
88594  90
190369  90
619481  90
340977  90
434217  90
499580  90
17820  90
423505  90
40476  90
517703  90
22186  90
39084  90
134930  90
327995  50
359696  90
130243  50
207030  90
535411  70
328682  90
400847  50
434567  50
457583  50
46873  90
548544  90
70702  50
127982  70
336824  70
254402  90
413152  90
497792  90
29753  90
138675  90
149980  90
16695  90
22757  90
283822  90
589869  90
65358  90
265758  90
307178  90
337187  90
345251  90
554299  90
48827  70
187485  50
435806  70
150971  90
177946  90
569455  90
23234  90
275261  90
389239  90
80034  90
405497  90
62810  90
182385  90
190823  90
307252  90
392795  90
447853  90
95032  70
438228  70
451159  70
172176  90
182140  90
377211  90
156621  90
255947  90
268750  90
22|26
12563  90
68496  90
74968  90
129462  90
144592  80
180037  90
194044  90
283332  80
370371  80
382315  80
405897  90
531386  80
569455  90
589856  90
189820  100
563381  0
62810  0
105882  0
165027  0
61720  90
197860  90
288450  90
110630  90
158229  90
251407  90
169708  90
23|66
267723  0
119236  90
172176  90
182140  90
377211  90
274231  90
299915  90
614911  90
20700  90
58016  0
82671  50
425983  0
557286  0
587196  0
66290  50
78149  30
89472  0
323883  0
361462  0
516738  50
611495  50
168385  0
250030  0
502081  50
505868  30
540255  0
553954  0
595659  70
183450  30
503258  70
56437  90
152653  90
529175  90
544999  90
305169  90
423471  90
21239  90
470980  90
533553  90
46484  90
609809  90
268443  90
428189  90
482010  90
262752  90
535864  90
407518  90
471255  90
55345  90
316743  90
458785  90
159089  90
34525  90
525971  90
156539  90
48802  90
107536  90
282465  90
603439  90
83273  90
359283  90
558154  90
213829  70
265101  90
520364  70
17550  90
24|93
268443  50
436056  50
131263  50
357972  50
235966  50
267723  50
283541  50
405897  50
418677  70
227064  50
509972  70
56524  50
218775  70
616983  90
55345  70
33455  50
119236  90
166998  90
173301  90
219179  90
346457  90
387522  90
411221  90
423102  90
470248  90
489154  90
492607  90
503258  90
543790  90
607946  90
421821  70
9101  70
202067  70
453488  50
520448  90
79761  70
344617  70
340873  50
84547  70
509046  70
76355  70
425983  70
612717  70
610727  90
75343  90
480801  90
434455  0
504185  0
147073  90
6337  90
82760  90
187205  90
49439  90
431048  90
325936  70
261386  90
568350  70
257158  70
393059  50
600770  50
531386  70
22757  70
237542  50
375693  70
315452  50
419241  70
126944  70
183450  70
300733  70
481274  50
499437  70
569179  70
267846  90
406596  50
440749  90
160716  70
195167  0
217157  90
225587  70
36142  70
17497  70
306988  70
282465  70
207030  70
189820  70
589869  70
55629  50
451800  50
269079  90
430559  70
228988  70
206576  70
490754  90
25|24
9101  90
17863  80
47528  90
119752  80
145588  90
175835  90
189820  90
206975  90
247563  80
257158  80
349451  80
357972  90
359811  90
378073  80
405897  90
440749  90
457354  90
479777  90
484497  80
492607  90
493655  90
499437  90
517526  90
528166  80
26|51
17863  80
34525  90
34812  90
36870  80
88858  80
96467  90
111280  80
112642  90
117158  90
123601  80
131779  90
144592  80
147073  80
148116  90
149616  90
166998  90
169708  90
180171  90
198528  90
225587  90
227064  90
228988  90
230673  90
234288  80
248550  90
249902  90
250228  90
267723  90
267846  90
283332  80
283541  90
303578  90
304287  90
370371  80
382315  80
386899  90
387522  90
397620  90
402723  90
418175  90
423702  90
425002  90
428105  90
448342  90
451800  90
453396  90
454149  90
470248  90
493655  90
531386  80
532569  90
27|283
96319  100
210226  100
210839  90
234288  80
533654  90
582591  80
608694  0
434455  100
40476  100
327995  100
406596  100
539126  0
21931  100
34525  0
158502  0
320337  100
385552  0
405897  0
477870  0
557599  0
610727  0
616799  0
617646  0
128024  0
257310  0
608347  100
30804  100
302718  100
87477  100
48098  100
206721  100
247304  100
309662  100
353334  100
466031  100
491842  100
576359  100
616015  100
200982  100
496998  100
555535  100
16672  100
32330  100
121015  100
427524  100
128620  100
535864  100
603439  100
165039  100
205252  100
548661  100
548750  100
617539  100
624626  100
490080  100
125870  0
550264  0
273345  100
423471  100
305169  100
6179  100
199196  100
233335  100
433334  100
363510  100
372024  100
457288  0
494123  0
213277  0
619472  0
459930  100
16768  100
105603  100
487577  0
514729  0
146103  100
529727  90
262752  100
263582  100
39908  100
466637  100
390024  0
517703  100
169708  100
553310  100
270959  0
516892  100
349952  100
242640  0
129067  100
476814  100
291631  0
509814  100
153380  100
136135  100
164930  0
252356  0
97517  100
44078  0
267906  75
470035  0
342916  100
480250  0
469591  0
181801  80
155375  0
501784  100
193586  0
585367  100
51450  100
152584  80
127106  100
86364  100
543767  0
70484  100
592390  100
597811  100
149837  100
261700  100
587520  100
606467  100
334424  0
564724  0
207515  100
390288  0
394622  0
388345  100
441820  100
318571  100
536987  80
167021  100
299424  100
620068  100
442648  100
619103  0
382311  100
484898  100
421028  100
123640  0
606022  100
301227  0
44399  0
102700  100
55060  100
88857  0
257241  100
458874  0
39424  100
155953  0
360926  0
434228  0
247796  100
292779  0
392367  100
100539  0
551631  100
345234  100
69540  100
536481  100
107857  0
120206  85
107768  100
419352  100
168147  0
407244  100
196831  75
471213  100
420128  100
141590  90
184312  100
341009  100
382117  81
392431  100
435801  100
437080  100
485754  100
528753  72
531030  83
496426  100
303799  59
458419  100
280883  100
71489  0
242317  0
451063  0
492228  100
130201  90
366599  100
558154  100
609809  100
56437  100
28710  0
123811  0
239654  0
318567  0
391656  0
439149  0
548649  0
551323  0
90840  0
169942  90
170155  50
296143  50
329754  30
460189  30
1127  0
164796  0
429822  0
458440  0
592471  30
617683  0
272893  50
503586  50
598742  70
471192  0
416032  90
433933  90
574204  90
112273  0
216477  30
60117  70
82199  50
111218  30
197656  30
270248  50
324045  50
446978  0
478414  70
526110  50
14472  50
18260  0
51137  30
189820  0
435892  30
569554  30
69294  70
119488  70
345747  70
392167  70
410641  50
467983  50
552789  50
6995  30
617405  50
427465  30
557441  70
2184  50
325305  50
206975  70
456423  70
12172  70
403923  70
25311  70
192600  50
255533  70
140753  70
309068  70
50122  50
191090  70
478832  70
294486  50
366520  50
222718  70
306528  90
590908  50
153097  0
303655  0
371983  50
529372  70
277273  50
234923  0
609551  30
500545  30
188956  0
333640  0
363219  0
624932  70
206576  70
498283  70
68076  0
330106  0
433927  0
459826  50
28|10
21931  90
55629  90
70896  90
263294  90
283541  90
294427  90
323933  90
344617  90
418175  90
491417  90